     1.56299902434148     0.999604888673791      0.05248258289564     0.376135042058962
      1.5474940646064      0.99358362157448    0.0682901885415294     0.375999452589732
     1.53210566134612     0.987608951543507    0.0842692151385535     0.375869228736221
     1.51683033376496     0.981678070614213     0.100566328318133     0.376019642933412
     1.50166475322722     0.975783996815446     0.117247983263029     0.376667688387011
     1.48660573397645     0.969916636645432     0.134318604882848     0.377791589327207
     1.47165022456672     0.964066427839335     0.151782453995407     0.379125024182463
     1.45679529994009      0.95822820980978      0.16970934676173     0.380529459423576
     1.44203815409178     0.952398946917137     0.188196293461262     0.382014538133395
     1.42737609327064     0.946575755303757     0.207334275447361     0.383595884554066
     1.41280652966783     0.940755523439017     0.227202004051946     0.385270917533778
     1.39832697555163     0.934935367465267     0.247873812163076     0.387030030696456
     1.38393503781032      0.92911247941585     0.269417264853202     0.388875063149102
     1.36962841286906     0.923284278997078     0.291895908187519     0.390817251529193
      1.3554048819498     0.917448185915265      0.31536559186542     0.392875243686112
     1.34126230664634     0.911601240421771     0.339868220477499     0.395065868667592
     1.32719862478936     0.905740558658946     0.365439637435455     0.397402748833764
     1.31321184657838     0.899862877314187      0.39210208824268     0.399893107450386
     1.29930005096001     0.893965160747863     0.419874671220141     0.402540903739376
     1.28546138223342     0.888044373320342     0.448769652500553     0.405346180984691
     1.27169404686598     0.882097555282984     0.478793919202403     0.408308585137814
     1.25799631050319     0.876121746887149      0.50994786122018     0.411426135110043
     1.24436649515872      0.87011429194816     0.542230676122192     0.414697882138801
     1.23080297657135     0.864072458390348      0.57563410817146     0.418121525833145
     1.21730418171693     0.857993817702009     0.610149035091808     0.421696785359745
      1.2038685864642     0.851875865480447     0.645759204030127      0.42542470476203
     1.19049471336462     0.845716324995939     0.682446530335619     0.429319385594154
     1.17718112956671     0.839512615954798     0.720182260607924     0.433396401235097
     1.16392644484657     0.833262309845319     0.758934838272902     0.437647934419126
     1.15072930974668     0.826962978155798     0.798667488208715     0.442037827296457
     1.13758841381574     0.820612723611465     0.839347364190316     0.446530385055477
      1.1245024839429     0.814210483738449      0.88095084002208     0.451142578140335
     1.11147028278031     0.807754816607925     0.923443100589502      0.45593156299543
     1.09849060724817     0.801243824945124     0.966777005295255     0.460917387947888
     1.08556228711714     0.794675156129332      1.01089323489284     0.466085783102077
     1.07268418366325     0.788046912885779      1.05573585592058     0.471431006892658
     1.05985518839064     0.781357273830687      1.10124603983953     0.476953541997872
     1.04707422181821      0.77460464525325      1.14736477513278     0.482656191448478
     1.03434023232605     0.767787357551669      1.19402786831143     0.488543420295173
     1.02165219505821      0.76090389290613      1.24116993788301     0.494619663366508
     1.00900911087834     0.753952733496818      1.28872198215338      0.50089027465187
    0.996410005375233     0.746932361503915      1.33661151535295     0.507360622288161
    0.983853927915113      0.73984141088959      1.38476527209032     0.514035965850434
    0.971339950738273     0.732678363834025      1.43310420070932     0.520919746297793
    0.958867168097243     0.725442006081369      1.48155130439336     0.528015355412265
    0.946434695434363     0.718131123375769       1.5300266314636     0.535327634928503
    0.934041668596373     0.710744349679391      1.57844483400376     0.542863359193069
    0.921687243084063     0.703280774300345      1.62672557423047     0.550631482715476
    0.909370593335063     0.695739031200799      1.67477823078286     0.558643281372826
    0.897090912037903     0.688118209688862       1.7225174417441     0.566900009479482
    0.884847409475673     0.680417095508682      1.76985037772765     0.575399937859216
    0.872639312897783     0.672634929750351      1.81668971198387     0.584155691258248
    0.860465865918143     0.664770953503961      1.86294603013812     0.593175564535954
    0.848326327938653     0.656824180186633      1.90852409317974     0.602467085930374
    0.836219973596343      0.64879400267044      1.95333323312702     0.612038492600905
    0.824146092233293     0.640679737936464      1.99727975817459     0.621898961260342
    0.812103987387863      0.63248070296579      2.04026835080607      0.63205767756124
    0.800092976306363     0.624196442412473      2.08220603423107     0.642523463191475
    0.788112389474023     0.615826425039576       2.1229971428003     0.653305765732048
    0.776161570164323     0.607370271392146      2.16254728538402     0.664414307373869
    0.764239874005773     0.598827715851716      2.20076280997463     0.675859551998236
    0.752346668565333     0.590198530745313      2.23754962429528     0.687651946354865
    0.740481332947533     0.581482564290955       2.2728139422715     0.699802837888397
    0.728643257408693     0.572679778543147      2.30646302897206     0.712326219377206
    0.716831842985363      0.56379024939288      2.33840530155766     0.725231107617342
    0.705046501136443      0.55481409067664      2.36854914377155     0.738531933315327
    0.693286653398223     0.545751643903885      2.39680621614753     0.752238843941243
    0.681551731051743     0.536603250584075      2.42308769758768     0.766357267902781
    0.669841174802053     0.527369593736125      2.44731016236492     0.780918254117655
    0.658154434468523     0.518051166651477      2.46938667893229     0.795948338323622
    0.646490968686003     0.508648576458056      2.48923204140314     0.811457111977614
    0.634850244616103      0.49916258206577      2.50676350225694     0.827449101724399
    0.623231737668273     0.489594170057499      2.52190214597849     0.843934680680792
    0.611634931230133     0.479944706471077      2.53457554609587     0.860942032263608
    0.600059316406733     0.470215405562357      2.54470885634019     0.878509590628023
    0.588504391768233     0.460407595423678      2.55222939201599     0.896658583441727
    0.576969663105753     0.450522680038367      2.55706607013072     0.915396301867948
    0.565454643194883      0.44056244284471      2.55915463016974     0.934733807278357
    0.553958851566603     0.430528932899457      2.55843578624014     0.954690119501611
    0.542481814285303     0.420424464877826      2.55485530507572     0.975294734655134
    0.531023063733543     0.410251543182514      2.54836279758507     0.996583057831767
    0.519582138403193     0.400012672216215       2.5389085814799      1.01858920970451
    0.508158582692833      0.38971065994559      2.52644889440142      1.04134382621168
    0.496751946711013     0.379348466119277      2.51094339595262      1.06488140091031
    0.485361786085123     0.368929240213395      2.49235588052015      1.08923949081388
    0.473987661775713     0.358456435268024      2.47065627349348      1.11444441046778
    0.462629139895913     0.347933731996216      2.44581941363645      1.14045595217194
    0.451285791535803     0.337365987421381      2.41784118045066      1.16723906237874
    0.439957192591513     0.326758855422333      2.38673213377739      1.19500698194176
    0.428642923598813     0.316116737676536      2.35248288346442      1.22392018275992
    0.417342569571003     0.305443409760782      2.31507475119905      1.25385663393108
    0.406055719840953     0.294744487608388      2.27452159030382      1.28473183653149
    0.394781967907033     0.284027067026992      2.23086374045277      1.31663557031409
    0.383520911282863     0.273298243824231      2.18414302817633      1.34972115756412
    0.372272151350623     0.262564696407294      2.13439575482267      1.38408243496599
    0.361035293217803       0.2518332739381      2.08166270827914      1.41978605691213
    0.349809945577233     0.241111280924509      2.02599403345428      1.45685428608711
    0.338595720570253     0.230406856675283      1.96745570738938      1.49530727571958
    0.327392233652893     0.219729032218326      1.90613055189849      1.53516048765695
    0.316199103464813     0.209087787218923       1.8421192446798      1.57642879571887
    0.305015951701113     0.198494049979747      1.77554036520027      1.61910359867217
    0.293842402986573     0.187959963059322      1.70653493629872      1.66291002479771
    0.282678084752493     0.177500401091842      1.63529216556243      1.70832131850907
    0.271522627115763     0.167128341436728      1.56197110604515      1.75613144780199
    0.260375662760283      0.15685329892695      1.48667419440364      1.80608232561617
    0.249236826820393     0.146688032735332      1.40956084460673      1.85767890059908
    0.238105756766363     0.136649561416557      1.33086467054942      1.91084262935306
    0.226982092291843      0.12675659209985      1.25084999431123       1.9657572290855
    0.215865475202983     0.117028144964777      1.16978859049466      2.02212857862467
    0.204755549309413     0.107485962780193       1.0880005147936       2.0798414599487
    0.193651960316713    0.0981534484303819      1.00583614559864      2.13937175040434
    0.182554355720433     0.089053018216743     0.923631401210165      2.20046293948657
    0.171462384701583    0.0802095359251306     0.841765910340331        2.263182661412
    0.160375698023403    0.0716487760332874      0.76063701833241      2.32734827965424
    0.149293947929383    0.0633983865777912     0.680676114151238      2.39256329114877
    0.138216788042493     0.055488434620551     0.602357888742438      2.45841983373041
    0.127143873265443    0.0479510267938527     0.526193931808113      2.52425724391394
    0.116074859681953    0.0408206176075094     0.452737971708709      2.58927085976609
    0.105009404458983    0.0341337224860527     0.382581035184823      2.65236322823799
   0.0939471657497233    0.0279287920742788     0.316349336020882      2.71308630821661
   0.0828878025974329    0.0222437552664226     0.254662690811285      2.77186274539534
   0.0718309748399131     0.017113939318691     0.198099317680951      2.82341867911434
   0.0607763430145831    0.0125815906112162     0.147357046695823      2.86529324942069
    0.049723568264143   0.00868683709827017     0.103100313769612      2.90435941079383
   0.0386723122426931   0.00545482952851552    0.0657424549321162      2.93841034681536
   0.0276222370221433   0.00291034897848387    0.0356930374306845      2.95358392623891
   0.0165730049991231   0.00108281817778538    0.0134427137288687      2.98784736649997
  0.00552427880198314  2.66875782818956e-05 -9.16127561714933e-05      2.97631038331114
